16
30101011234567
Ahmed Hassan
1
3
CS101
MATH201
PHY101
30102022345678
Fatima Ali
1
3
CS101
MATH201
ENG101
30203033456789
Youssef Omar
2
4
CS102
MATH202
SWE201
ENG101
30204044567890
Mariam Gamal
2
3
CS102
MATH202
SWE201
30305055678901
Omar Tariq
3
2
SWE201
AI301
30306066789012
Salma Nabil
3
3
SWE201
AI301
MATH202
30107077890123
Mahmoud Zaki
1
2
CS101
PHY101
30108088901234
Huda Saeed
1
4
CS101
MATH201
PHY101
ENG101
30209099012345
Karim Adel
2
3
CS102
MATH202
PHY101
30210100123456
Nour El-Din
2
3
CS102
SWE201
ENG101
30311111234567
Dina Farouk
3
2
AI301
SWE201
30312122345678
Mostafa Kamal
3
3
AI301
CS102
MATH202
30113133456789
Aya Yasser
1
3
MATH201
PHY101
ENG101
30114144567890
Tarek Hesham
1
2
CS101
MATH201
30215155678901
Rana Wael
2
3
SWE201
CS102
MATH202
97
fr
1
0
8
CS101
0
128
 6.9515e-310
 6.9515e-310
 6.9515e-310
 6.9515e-310
 6.9515e-310
 6.9515e-310
 6.9515e-310
 6.9515e-310
 6.9515e-310
 6.9515e-310
 6.9515e-310
 6.9515e-310
 6.9515e-310
 6.9515e-310
 6.9515e-310
 6.9515e-310
 6.9515e-310
 6.9515e-310
 6.9515e-310
 6.9515e-310
 6.9515e-310
 6.9515e-310
 6.9515e-310
 6.9515e-310
 6.9515e-310
 6.9515e-310
 6.9515e-310
 6.9515e-310
 6.9515e-310
 6.9515e-310
 6.9515e-310
 6.9515e-310
 6.9515e-310
 6.9515e-310
 6.9515e-310
 6.9515e-310
 6.9515e-310
 6.9515e-310
 6.9515e-310
 6.9515e-310
 6.9515e-310
 6.9515e-310
 6.9515e-310
 6.9515e-310
 6.9515e-310
 6.9515e-310
 6.9515e-310
 6.9515e-310
 6.9515e-310
 6.9515e-310
 6.9515e-310
 6.9515e-310
 6.9515e-310
 6.9515e-310
 6.9515e-310
 6.9515e-310
 6.9515e-310
 6.9515e-310
 6.9515e-310
 6.9515e-310
 6.9515e-310
 6.9515e-310
 6.9515e-310
 6.9515e-310
 6.9515e-310
 6.9515e-310
 6.9515e-310
 6.9515e-310
 6.9515e-310
 6.9515e-310
 6.9515e-310
 6.9515e-310
 6.9515e-310
 6.9515e-310
 6.9515e-310
 6.9515e-310
 6.9515e-310
 6.9515e-310
 6.9515e-310
 6.9515e-310
 6.9515e-310
 6.9515e-310
 6.9515e-310
 6.9515e-310
 6.9515e-310
 6.9515e-310
 6.9515e-310
 6.9515e-310
 6.9515e-310
 6.9515e-310
 6.9515e-310
 6.9515e-310
 6.9515e-310
 6.9515e-310
 6.9515e-310
 6.9515e-310
 6.9515e-310
 6.9515e-310
 6.9515e-310
 6.9515e-310
 6.9515e-310
 6.9515e-310
 6.9515e-310
 6.9515e-310
 6.9515e-310
 6.9515e-310
 6.9515e-310
 6.9515e-310
 6.9515e-310
 6.9515e-310
 6.9515e-310
 6.9515e-310
 6.9515e-310
 6.9515e-310
 6.9515e-310
 6.9515e-310
 6.9515e-310
 6.9515e-310
 6.9515e-310
 6.9515e-310
 6.9515e-310
 6.9515e-310
 6.9515e-310
 6.9515e-310
 6.9515e-310
 6.9515e-310
 6.9515e-310
 6.9515e-310

0
128
 6.9515e-310
 6.9515e-310
 6.9515e-310
 6.9515e-310
 6.9515e-310
 6.9515e-310
 6.9515e-310
 6.9515e-310
 6.9515e-310
 6.9515e-310
 6.9515e-310
 6.9515e-310
 6.9515e-310
 6.9515e-310
 6.9515e-310
 6.9515e-310
 6.9515e-310
 6.9515e-310
 6.9515e-310
 6.9515e-310
 6.9515e-310
 6.9515e-310
 6.9515e-310
 6.9515e-310
 6.9515e-310
 6.9515e-310
 6.9515e-310
 6.9515e-310
 6.9515e-310
 6.9515e-310
 6.9515e-310
 6.9515e-310
 6.9515e-310
 6.9515e-310
 6.9515e-310
 6.9515e-310
 6.9515e-310
 6.9515e-310
 6.9515e-310
 6.9515e-310
 6.9515e-310
 6.9515e-310
 6.9515e-310
 6.9515e-310
 6.9515e-310
 6.9515e-310
 6.9515e-310
 6.9515e-310
 6.9515e-310
 6.9515e-310
 6.9515e-310
 6.9515e-310
 6.9515e-310
 6.9515e-310
 6.9515e-310
 6.9515e-310
 6.9515e-310
 6.9515e-310
 6.9515e-310
 6.9515e-310
 6.9515e-310
 6.9515e-310
 6.9515e-310
 6.9515e-310
 6.9515e-310
 6.9515e-310
 6.9515e-310
 6.9515e-310
 6.9515e-310
 6.9515e-310
 6.9515e-310
 6.9515e-310
 6.9515e-310
 6.9515e-310
 6.9515e-310
 6.9515e-310
 6.9515e-310
 6.9515e-310
 6.9515e-310
 6.9515e-310
 6.9515e-310
 6.9515e-310
 6.9515e-310
 6.9515e-310
 6.9515e-310
 6.9515e-310
 6.9515e-310
 6.9515e-310
 6.9515e-310
 6.9515e-310
 6.9515e-310
 6.9515e-310
 6.9515e-310
 6.9515e-310
 6.9515e-310
 6.9515e-310
 6.9515e-310
 6.9515e-310
 6.9515e-310
 6.9515e-310
 6.9515e-310
 6.9515e-310
 6.9515e-310
 6.9515e-310
 6.9515e-310
 6.9515e-310
 6.9515e-310
 6.9515e-310
 6.9515e-310
 6.9515e-310
 6.9515e-310
 6.9515e-310
 6.9515e-310
 6.9515e-310
 6.9515e-310
 6.9515e-310
 6.9515e-310
 6.9515e-310
 6.9515e-310
 6.9515e-310
 6.9515e-310
 6.9515e-310
 6.9515e-310
 6.9515e-310
 6.9515e-310
 6.9515e-310
 6.9515e-310
 6.9515e-310

0
128
 6.9515e-310
 6.9515e-310
 6.9515e-310
 6.9515e-310
 6.9515e-310
 6.9515e-310
 6.9515e-310
 6.9515e-310
 6.9515e-310
 6.9515e-310
 6.9515e-310
 6.9515e-310
 6.9515e-310
 6.9515e-310
 6.9515e-310
 6.9515e-310
 6.9515e-310
 6.9515e-310
 6.9515e-310
 6.9515e-310
 6.9515e-310
 6.9515e-310
 6.9515e-310
 6.9515e-310
 6.9515e-310
 6.9515e-310
 6.9515e-310
 6.9515e-310
 6.9515e-310
 6.9515e-310
 6.9515e-310
 6.9515e-310
 6.9515e-310
 6.9515e-310
 6.9515e-310
 6.9515e-310
 6.9515e-310
 6.9515e-310
 6.9515e-310
 6.9515e-310
 6.9515e-310
 6.9515e-310
 6.9515e-310
 6.9515e-310
 6.9515e-310
 6.9515e-310
 6.9515e-310
 6.9515e-310
 6.9515e-310
 6.9515e-310
 6.9515e-310
 6.9515e-310
 6.9515e-310
 6.9515e-310
 6.9515e-310
 6.9515e-310
 6.9515e-310
 6.9515e-310
 6.9515e-310
 6.9515e-310
 6.9515e-310
 6.9515e-310
 6.9515e-310
 6.9515e-310
 6.9515e-310
 6.9515e-310
 6.9515e-310
 6.9515e-310
 6.9515e-310
 6.9515e-310
 6.9515e-310
 6.9515e-310
 6.9515e-310
 6.9515e-310
 6.9515e-310
 6.9515e-310
 6.9515e-310
 6.9515e-310
 6.9515e-310
 6.9515e-310
 6.9515e-310
 6.9515e-310
 6.9515e-310
 6.9515e-310
 6.9515e-310
 6.9515e-310
 6.9515e-310
 6.9515e-310
 6.9515e-310
 6.9515e-310
 6.9515e-310
 6.9515e-310
 6.9515e-310
 6.9515e-310
 6.9515e-310
 6.9515e-310
 6.9515e-310
 6.9515e-310
 6.9515e-310
 6.9515e-310
 6.9515e-310
 6.9515e-310
 6.9515e-310
 6.9515e-310
 6.9515e-310
 6.9515e-310
 6.9515e-310
 6.9515e-310
 6.9515e-310
 6.9515e-310
 6.9515e-310
 6.9515e-310
 6.9515e-310
 6.9515e-310
 6.9515e-310
 6.9515e-310
 6.9515e-310
 6.9515e-310
 6.9515e-310
 6.9515e-310
 6.9515e-310
 6.9515e-310
 6.9515e-310
 6.9515e-310
 6.9515e-310
 6.9515e-310
 6.9515e-310
 6.9515e-310

0
128
 6.9515e-310
 6.9515e-310
 6.9515e-310
 6.9515e-310
 6.9515e-310
 6.9515e-310
 6.9515e-310
 6.9515e-310
 6.9515e-310
 6.9515e-310
 6.9515e-310
 6.9515e-310
 6.9515e-310
 6.9515e-310
 6.9515e-310
 6.9515e-310
 6.9515e-310
 6.9515e-310
 6.9515e-310
 6.9515e-310
 6.9515e-310
 6.9515e-310
 6.9515e-310
 6.9515e-310
 6.9515e-310
 6.9515e-310
 6.9515e-310
 6.9515e-310
 6.9515e-310
 6.9515e-310
 6.9515e-310
 6.9515e-310
 6.9515e-310
 6.9515e-310
 6.9515e-310
 6.9515e-310
 6.9515e-310
 6.9515e-310
 6.9515e-310
 6.9515e-310
 6.9515e-310
 6.9515e-310
 6.9515e-310
 6.9515e-310
 6.9515e-310
 6.9515e-310
 6.9515e-310
 6.9515e-310
 6.9515e-310
 6.9515e-310
 6.9515e-310
 6.9515e-310
 6.9515e-310
 6.9515e-310
 6.9515e-310
 6.9515e-310
 6.9515e-310
 6.9515e-310
 6.9515e-310
 6.9515e-310
 6.9515e-310
 6.9515e-310
 6.9515e-310
 6.9515e-310
 6.9515e-310
 6.9515e-310
 6.9515e-310
 6.9515e-310
 6.9515e-310
 6.9515e-310
 6.9515e-310
 6.9515e-310
 6.9515e-310
 6.9515e-310
 6.9515e-310
 6.9515e-310
 6.9515e-310
 6.9515e-310
 6.9515e-310
 6.9515e-310
 6.9515e-310
 6.9515e-310
 6.9515e-310
 6.9515e-310
 6.9515e-310
 6.9515e-310
 6.9515e-310
 6.9515e-310
 6.9515e-310
 6.9515e-310
 6.9515e-310
 6.9515e-310
 6.9515e-310
 6.9515e-310
 6.9515e-310
 6.9515e-310
 6.9515e-310
 6.9515e-310
 6.9515e-310
 6.9515e-310
 6.9515e-310
 6.9515e-310
 6.9515e-310
 6.9515e-310
 6.9515e-310
 6.9515e-310
 6.9515e-310
 6.9515e-310
 6.9515e-310
 6.9515e-310
 6.9515e-310
 6.9515e-310
 6.9515e-310
 6.9515e-310
 6.9515e-310
 6.9515e-310
 6.9515e-310
 6.9515e-310
 6.9515e-310
 6.9515e-310
 6.9515e-310
 6.9515e-310
 6.9515e-310
 6.9515e-310
 6.9515e-310
 6.9515e-310
 6.9515e-310
 6.9515e-310

0
128
 6.9515e-310
 6.9515e-310
 6.9515e-310
 6.9515e-310
 6.9515e-310
 6.9515e-310
 6.9515e-310
 6.9515e-310
 6.9515e-310
 6.9515e-310
 6.9515e-310
 6.9515e-310
 6.9515e-310
 6.9515e-310
 6.9515e-310
 6.9515e-310
 6.9515e-310
 6.9515e-310
 6.9515e-310
 6.9515e-310
 6.9515e-310
 6.9515e-310
 6.9515e-310
 6.9515e-310
 6.9515e-310
 6.9515e-310
 6.9515e-310
 6.9515e-310
 6.9515e-310
 6.9515e-310
 6.9515e-310
 6.9515e-310
 6.9515e-310
 6.9515e-310
 6.9515e-310
 6.9515e-310
 6.9515e-310
 6.9515e-310
 6.9515e-310
 6.9515e-310
 6.9515e-310
 6.9515e-310
 6.9515e-310
 6.9515e-310
 6.9515e-310
 6.9515e-310
 6.9515e-310
 6.9515e-310
 6.9515e-310
 6.9515e-310
 6.9515e-310
 6.9515e-310
 6.9515e-310
 6.9515e-310
 6.9515e-310
 6.9515e-310
 6.9515e-310
 6.9515e-310
 6.9515e-310
 6.9515e-310
 6.9515e-310
 6.9515e-310
 6.9515e-310
 6.9515e-310
 6.9515e-310
 6.9515e-310
 6.9515e-310
 6.9515e-310
 6.9515e-310
 6.9515e-310
 6.9515e-310
 6.9515e-310
 6.9515e-310
 6.9515e-310
 6.9515e-310
 6.9515e-310
 6.9515e-310
 6.9515e-310
 6.9515e-310
 6.9515e-310
 6.9515e-310
 6.9515e-310
 6.9515e-310
 6.9515e-310
 6.9515e-310
 6.9515e-310
 6.9515e-310
 6.9515e-310
 6.9515e-310
 6.9515e-310
 6.9515e-310
 6.9515e-310
 6.9515e-310
 6.9515e-310
 6.9515e-310
 6.9515e-310
 6.9515e-310
 6.9515e-310
 6.9515e-310
 6.9515e-310
 6.9515e-310
 6.9515e-310
 6.9515e-310
 6.9515e-310
 6.9515e-310
 6.9515e-310
 6.9515e-310
 6.9515e-310
 6.9515e-310
 6.9515e-310
 6.9515e-310
 6.9515e-310
 6.9515e-310
 6.9515e-310
 6.9515e-310
 6.9515e-310
 6.9515e-310
 6.9515e-310
 6.9515e-310
 6.9515e-310
 6.9515e-310
 6.9515e-310
 6.9515e-310
 6.9515e-310
 6.9515e-310
 6.9515e-310
 6.9515e-310
 6.9515e-310

0
128
 6.9515e-310
 6.9515e-310
 6.9515e-310
 6.9515e-310
 6.9515e-310
 6.9515e-310
 6.9515e-310
 6.9515e-310
 6.9515e-310
 6.9515e-310
 6.9515e-310
 6.9515e-310
 6.9515e-310
 6.9515e-310
 6.9515e-310
 6.9515e-310
 6.9515e-310
 6.9515e-310
 6.9515e-310
 6.9515e-310
 6.9515e-310
 6.9515e-310
 6.9515e-310
 6.9515e-310
 6.9515e-310
 6.9515e-310
 6.9515e-310
 6.9515e-310
 6.9515e-310
 6.9515e-310
 6.9515e-310
 6.9515e-310
 6.9515e-310
 6.9515e-310
 6.9515e-310
 6.9515e-310
 6.9515e-310
 6.9515e-310
 6.9515e-310
 6.9515e-310
 6.9515e-310
 6.9515e-310
 6.9515e-310
 6.9515e-310
 6.9515e-310
 6.9515e-310
 6.9515e-310
 6.9515e-310
 6.9515e-310
 6.9515e-310
 6.9515e-310
 6.9515e-310
 6.9515e-310
 6.9515e-310
 6.9515e-310
 6.9515e-310
 6.9515e-310
 6.9515e-310
 6.9515e-310
 6.9515e-310
 6.9515e-310
 6.9515e-310
 6.9515e-310
 6.9515e-310
 6.9515e-310
 6.9515e-310
 6.9515e-310
 6.9515e-310
 6.9515e-310
 6.9515e-310
 6.9515e-310
 6.9515e-310
 6.9515e-310
 6.9515e-310
 6.9515e-310
 6.9515e-310
 6.9515e-310
 6.9515e-310
 6.9515e-310
 6.9515e-310
 6.9515e-310
 6.9515e-310
 6.9515e-310
 6.9515e-310
 6.9515e-310
 6.9515e-310
 6.9515e-310
 6.9515e-310
 6.9515e-310
 6.9515e-310
 6.9515e-310
 6.9515e-310
 6.9515e-310
 6.9515e-310
 6.9515e-310
 6.9515e-310
 6.9515e-310
 6.9515e-310
 6.9515e-310
 6.9515e-310
 6.9515e-310
 6.9515e-310
 6.9515e-310
 6.9515e-310
 6.9515e-310
 6.9515e-310
 6.9515e-310
 6.9515e-310
 6.9515e-310
 6.9515e-310
 6.9515e-310
 6.9515e-310
 6.9515e-310
 6.9515e-310
 6.9515e-310
 6.9515e-310
 6.9515e-310
 6.9515e-310
 6.9515e-310
 6.9515e-310
 6.9515e-310
 6.9515e-310
 6.9515e-310
 6.9515e-310
 6.9515e-310
 6.9515e-310
 6.9515e-310
 6.9515e-310

0
128
 6.9515e-310
 6.9515e-310
 6.9515e-310
 6.9515e-310
 6.9515e-310
 6.9515e-310
 6.9515e-310
 6.9515e-310
 6.9515e-310
 6.9515e-310
 6.9515e-310
 6.9515e-310
 6.9515e-310
 6.9515e-310
 6.9515e-310
 6.9515e-310
 6.9515e-310
 6.9515e-310
 6.9515e-310
 6.9515e-310
 6.9515e-310
 6.9515e-310
 6.9515e-310
 6.9515e-310
 6.9515e-310
 6.9515e-310
 6.9515e-310
 6.9515e-310
 6.9515e-310
 6.9515e-310
 6.9515e-310
 6.9515e-310
 6.9515e-310
 6.9515e-310
 6.9515e-310
 6.9515e-310
 6.9515e-310
 6.9515e-310
 6.9515e-310
 6.9515e-310
 6.9515e-310
 6.9515e-310
 6.9515e-310
 6.9515e-310
 6.9515e-310
 6.9515e-310
 6.9515e-310
 6.9515e-310
 6.9515e-310
 6.9515e-310
 6.9515e-310
 6.9515e-310
 6.9515e-310
 6.9515e-310
 6.9515e-310
 6.9515e-310
 6.9515e-310
 6.9515e-310
 6.9515e-310
 6.9515e-310
 6.9515e-310
 6.9515e-310
 6.9515e-310
 6.9515e-310
 6.9515e-310
 6.9515e-310
 6.9515e-310
 6.9515e-310
 6.9515e-310
 6.9515e-310
 6.9515e-310
 6.9515e-310
 6.9515e-310
 6.9515e-310
 6.9515e-310
 6.9515e-310
 6.9515e-310
 6.9515e-310
 6.9515e-310
 6.9515e-310
 6.9515e-310
 6.9515e-310
 6.9515e-310
 6.9515e-310
 6.9515e-310
 6.9515e-310
 6.9515e-310
 6.9515e-310
 6.9515e-310
 6.9515e-310
 6.9515e-310
 6.9515e-310
 6.9515e-310
 6.9515e-310
 6.9515e-310
 6.9515e-310
 6.9515e-310
 6.9515e-310
 6.9515e-310
 6.9515e-310
 6.9515e-310
 6.9515e-310
 6.9515e-310
 6.9515e-310
 6.9515e-310
 6.9515e-310
 6.9515e-310
 6.9515e-310
 6.9515e-310
 6.9515e-310
 6.9515e-310
 6.9515e-310
 6.9515e-310
 6.9515e-310
 6.9515e-310
 6.9515e-310
 6.9515e-310
 6.9515e-310
 6.9515e-310
 6.9515e-310
 6.9515e-310
 6.9515e-310
 6.9515e-310
 6.9515e-310
 6.9515e-310
 6.9515e-310
 6.9515e-310
 6.9515e-310

0
128
 6.9515e-310
 6.9515e-310
 6.9515e-310
 6.9515e-310
 6.9515e-310
 6.9515e-310
 6.9515e-310
 6.9515e-310
 6.9515e-310
 6.9515e-310
 6.9515e-310
 6.9515e-310
 6.9515e-310
 6.9515e-310
 6.9515e-310
 6.9515e-310
 6.9515e-310
 6.9515e-310
 6.9515e-310
 6.9515e-310
 6.9515e-310
 6.9515e-310
 6.9515e-310
 6.9515e-310
 6.9515e-310
 6.9515e-310
 6.9515e-310
 6.9515e-310
 6.9515e-310
 6.9515e-310
 6.9515e-310
 6.9515e-310
 6.9515e-310
 6.9515e-310
 6.9515e-310
 6.9515e-310
 6.9515e-310
 6.9515e-310
 6.9515e-310
 6.9515e-310
 6.9515e-310
 6.9515e-310
 6.9515e-310
 6.9515e-310
 6.9515e-310
 6.9515e-310
 6.9515e-310
 6.9515e-310
 6.9515e-310
 6.9515e-310
 6.9515e-310
 6.9515e-310
 6.9515e-310
 6.9515e-310
 6.9515e-310
 6.9515e-310
 6.9515e-310
 6.9515e-310
 6.9515e-310
 6.9515e-310
 6.9515e-310
 6.9515e-310
 6.9515e-310
 6.9515e-310
 6.9515e-310
 6.9515e-310
 6.9515e-310
 6.9515e-310
 6.9515e-310
 6.9515e-310
 6.9515e-310
 6.9515e-310
 6.9515e-310
 6.9515e-310
 6.9515e-310
 6.9515e-310
 6.9515e-310
 6.9515e-310
 6.9515e-310
 6.9515e-310
 6.9515e-310
 6.9515e-310
 6.9515e-310
 6.9515e-310
 6.9515e-310
 6.9515e-310
 6.9515e-310
 6.9515e-310
 6.9515e-310
 6.9515e-310
 6.9515e-310
 6.9515e-310
 6.9515e-310
 6.9515e-310
 6.9515e-310
 6.9515e-310
 6.9515e-310
 6.9515e-310
 6.9515e-310
 6.9515e-310
 6.9515e-310
 6.9515e-310
 6.9515e-310
 6.9515e-310
 6.9515e-310
 6.9515e-310
 6.9515e-310
 6.9515e-310
 6.9515e-310
 6.9515e-310
 6.9515e-310
 6.9515e-310
 6.9515e-310
 6.9515e-310
 6.9515e-310
 6.9515e-310
 6.9515e-310
 6.9515e-310
 6.9515e-310
 6.9515e-310
 6.9515e-310
 6.9515e-310
 6.9515e-310
 6.9515e-310
 6.9515e-310
 6.9515e-310
 6.9515e-310
 6.9515e-310
